Webots Project File version R2023b
perspectives: 000000ff00000000fd00000002000000010000011c00000321fc0200000001fb0000001400540065007800740045006400690074006f00720000000015000003210000003f00ffffff00000003000003c0000000d9fc0100000001fb0000001a0043006f006e0073006f006c00650041006c006c0041006c006c0100000000000003c00000006900ffffff000003c00000032100000001000000020000000100000008fc00000000
simulationViewPerspectives: 000000ff000000010000000200000000000003be0100000002010000000100
sceneTreePerspectives: 000000ff00000001000000030000001c000002e4000000fa0100000002010000000200
maximizedDockId: -1
centralWidgetVisible: 1
orthographicViewHeight: 1
textFiles: -1
consoles: Console:All:All
renderingDevicePerspectives: Blue5:CameraBottom;0;0.179688;0;0.116059
renderingDevicePerspectives: Blue5:CameraTop;0;0.179688;0;0
